1.000000000000000000e+00
1.000000000000000000e+00
1.000000000000000000e+00
1.000000000000000000e+00
1.000000000000000000e+00
1.000000000000000000e+00
1.000000000000000000e+00
1.000000000000000000e+00
1.000000000000000000e+00
1.000000000000000000e+00
1.000000000000000000e+00
1.000000000000000000e+00
1.000000000000000000e+00
1.000000000000000000e+00
9.215686274509803377e-01
7.411764705882353255e-01
5.490196078431373028e-01
3.529411764705882582e-01
1.686274509803921684e-01
1.176470588235294101e-02
0.000000000000000000e+00
0.000000000000000000e+00
0.000000000000000000e+00
0.000000000000000000e+00
0.000000000000000000e+00
0.000000000000000000e+00
0.000000000000000000e+00
0.000000000000000000e+00
1.000000000000000000e+00
1.000000000000000000e+00
1.000000000000000000e+00
1.000000000000000000e+00
1.000000000000000000e+00
1.000000000000000000e+00
1.000000000000000000e+00
1.000000000000000000e+00
1.000000000000000000e+00
1.000000000000000000e+00
1.000000000000000000e+00
1.000000000000000000e+00
1.000000000000000000e+00
1.000000000000000000e+00
9.215686274509803377e-01
7.490196078431372584e-01
5.529411764705882693e-01
3.568627450980392246e-01
1.725490196078431349e-01
1.176470588235294101e-02
0.000000000000000000e+00
0.000000000000000000e+00
0.000000000000000000e+00
0.000000000000000000e+00
0.000000000000000000e+00
0.000000000000000000e+00
0.000000000000000000e+00
0.000000000000000000e+00
8.941176470588235725e-01
8.941176470588235725e-01
8.941176470588235725e-01
8.941176470588235725e-01
8.901960784313724950e-01
8.862745098039215286e-01
8.823529411764705621e-01
8.862745098039215286e-01
8.980392156862745390e-01
9.372549019607843146e-01
1.000000000000000000e+00
1.000000000000000000e+00
1.000000000000000000e+00
1.000000000000000000e+00
9.333333333333333481e-01
7.647058823529411242e-01
5.725490196078431016e-01
3.686274509803921795e-01
1.764705882352941291e-01
1.176470588235294101e-02
0.000000000000000000e+00
0.000000000000000000e+00
0.000000000000000000e+00
0.000000000000000000e+00
0.000000000000000000e+00
0.000000000000000000e+00
0.000000000000000000e+00
0.000000000000000000e+00
6.392156862745097534e-01
6.392156862745097534e-01
6.392156862745097534e-01
6.352941176470587870e-01
6.235294117647058876e-01
6.078431372549019107e-01
5.999999999999999778e-01
6.078431372549019107e-01
6.431372549019608309e-01
7.254901960784313486e-01
8.352941176470588536e-01
9.450980392156862475e-01
1.000000000000000000e+00
1.000000000000000000e+00
9.490196078431372140e-01
7.921568627450980005e-01
5.960784313725490113e-01
3.843137254901961009e-01
1.803921568627450955e-01
1.176470588235294101e-02
0.000000000000000000e+00
0.000000000000000000e+00
0.000000000000000000e+00
0.000000000000000000e+00
0.000000000000000000e+00
0.000000000000000000e+00
0.000000000000000000e+00
0.000000000000000000e+00
3.607843137254901911e-01
3.607843137254901911e-01
3.607843137254901911e-01
3.529411764705882582e-01
3.294117647058823484e-01
3.019607843137254721e-01
2.901960784313725727e-01
3.058823529411764941e-01
3.686274509803921795e-01
4.941176470588235503e-01
6.549019607843137303e-01
8.196078431372548767e-01
9.529411764705881804e-01
1.000000000000000000e+00
9.647058823529411908e-01
8.235294117647058432e-01
6.274509803921568540e-01
4.039215686274509887e-01
1.882352941176470562e-01
1.176470588235294101e-02
0.000000000000000000e+00
0.000000000000000000e+00
0.000000000000000000e+00
0.000000000000000000e+00
0.000000000000000000e+00
0.000000000000000000e+00
0.000000000000000000e+00
0.000000000000000000e+00
1.058823529411764691e-01
1.058823529411764691e-01
1.058823529411764691e-01
9.411764705882352811e-02
6.274509803921568540e-02
2.352941176470588203e-02
3.921568627450980338e-03
2.745098039215686236e-02
1.176470588235294101e-01
2.823529411764705843e-01
4.941176470588235503e-01
7.098039215686274828e-01
8.901960784313724950e-01
9.921568627450980671e-01
9.764705882352940902e-01
8.509803921568627194e-01
6.509803921568627638e-01
4.196078431372549100e-01
1.921568627450980504e-01
1.176470588235294101e-02
0.000000000000000000e+00
0.000000000000000000e+00
0.000000000000000000e+00
0.000000000000000000e+00
0.000000000000000000e+00
0.000000000000000000e+00
0.000000000000000000e+00
0.000000000000000000e+00
0.000000000000000000e+00
0.000000000000000000e+00
0.000000000000000000e+00
0.000000000000000000e+00
0.000000000000000000e+00
0.000000000000000000e+00
0.000000000000000000e+00
0.000000000000000000e+00
0.000000000000000000e+00
1.372549019607843257e-01
3.803921568627450789e-01
6.313725490196078205e-01
8.470588235294117530e-01
9.764705882352940902e-01
9.882352941176471006e-01
8.705882352941176627e-01
6.705882352941175961e-01
4.313725490196078649e-01
1.960784313725490169e-01
1.176470588235294101e-02
0.000000000000000000e+00
0.000000000000000000e+00
0.000000000000000000e+00
0.000000000000000000e+00
0.000000000000000000e+00
0.000000000000000000e+00
0.000000000000000000e+00
0.000000000000000000e+00
0.000000000000000000e+00
0.000000000000000000e+00
0.000000000000000000e+00
0.000000000000000000e+00
0.000000000000000000e+00
0.000000000000000000e+00
0.000000000000000000e+00
0.000000000000000000e+00
0.000000000000000000e+00
1.058823529411764691e-01
3.568627450980392246e-01
6.156862745098039547e-01
8.352941176470588536e-01
9.764705882352940902e-01
9.882352941176471006e-01
8.745098039215686292e-01
6.745098039215686736e-01
4.352941176470588314e-01
2.000000000000000111e-01
1.176470588235294101e-02
0.000000000000000000e+00
0.000000000000000000e+00
0.000000000000000000e+00
0.000000000000000000e+00
0.000000000000000000e+00
0.000000000000000000e+00
0.000000000000000000e+00
0.000000000000000000e+00
0.000000000000000000e+00
0.000000000000000000e+00
0.000000000000000000e+00
0.000000000000000000e+00
0.000000000000000000e+00
0.000000000000000000e+00
0.000000000000000000e+00
0.000000000000000000e+00
0.000000000000000000e+00
1.411764705882352922e-01
3.843137254901961009e-01
6.352941176470587870e-01
8.470588235294117530e-01
9.764705882352940902e-01
9.882352941176471006e-01
8.705882352941176627e-01
6.705882352941175961e-01
4.313725490196078649e-01
1.960784313725490169e-01
1.176470588235294101e-02
0.000000000000000000e+00
0.000000000000000000e+00
0.000000000000000000e+00
0.000000000000000000e+00
0.000000000000000000e+00
0.000000000000000000e+00
0.000000000000000000e+00
0.000000000000000000e+00
0.000000000000000000e+00
0.000000000000000000e+00
0.000000000000000000e+00
0.000000000000000000e+00
0.000000000000000000e+00
0.000000000000000000e+00
0.000000000000000000e+00
0.000000000000000000e+00
3.921568627450980338e-03
1.882352941176470562e-01
4.196078431372549100e-01
6.588235294117646967e-01
8.588235294117646523e-01
9.803921568627450567e-01
9.843137254901960231e-01
8.627450980392157298e-01
6.627450980392156632e-01
4.274509803921568429e-01
1.960784313725490169e-01
1.176470588235294101e-02
0.000000000000000000e+00
0.000000000000000000e+00
0.000000000000000000e+00
0.000000000000000000e+00
0.000000000000000000e+00
0.000000000000000000e+00
0.000000000000000000e+00
0.000000000000000000e+00
0.000000000000000000e+00
0.000000000000000000e+00
0.000000000000000000e+00
0.000000000000000000e+00
0.000000000000000000e+00
0.000000000000000000e+00
0.000000000000000000e+00
0.000000000000000000e+00
1.176470588235294101e-02
1.960784313725490169e-01
4.274509803921568429e-01
6.627450980392156632e-01
8.627450980392157298e-01
9.843137254901960231e-01
9.843137254901960231e-01
8.627450980392157298e-01
6.627450980392156632e-01
4.274509803921568429e-01
1.960784313725490169e-01
1.176470588235294101e-02
0.000000000000000000e+00
0.000000000000000000e+00
0.000000000000000000e+00
0.000000000000000000e+00
0.000000000000000000e+00
0.000000000000000000e+00
0.000000000000000000e+00
0.000000000000000000e+00
0.000000000000000000e+00
0.000000000000000000e+00
0.000000000000000000e+00
0.000000000000000000e+00
0.000000000000000000e+00
0.000000000000000000e+00
0.000000000000000000e+00
0.000000000000000000e+00
1.176470588235294101e-02
1.960784313725490169e-01
4.274509803921568429e-01
6.627450980392156632e-01
8.627450980392157298e-01
9.843137254901960231e-01
9.843137254901960231e-01
8.627450980392157298e-01
6.627450980392156632e-01
4.274509803921568429e-01
1.960784313725490169e-01
1.176470588235294101e-02
0.000000000000000000e+00
0.000000000000000000e+00
0.000000000000000000e+00
0.000000000000000000e+00
0.000000000000000000e+00
0.000000000000000000e+00
0.000000000000000000e+00
0.000000000000000000e+00
0.000000000000000000e+00
0.000000000000000000e+00
0.000000000000000000e+00
0.000000000000000000e+00
0.000000000000000000e+00
0.000000000000000000e+00
0.000000000000000000e+00
0.000000000000000000e+00
1.176470588235294101e-02
1.960784313725490169e-01
4.274509803921568429e-01
6.627450980392156632e-01
8.627450980392157298e-01
9.843137254901960231e-01
9.843137254901960231e-01
8.627450980392157298e-01
6.627450980392156632e-01
4.274509803921568429e-01
1.960784313725490169e-01
1.176470588235294101e-02
0.000000000000000000e+00
0.000000000000000000e+00
0.000000000000000000e+00
0.000000000000000000e+00
0.000000000000000000e+00
0.000000000000000000e+00
0.000000000000000000e+00
0.000000000000000000e+00
0.000000000000000000e+00
0.000000000000000000e+00
0.000000000000000000e+00
0.000000000000000000e+00
0.000000000000000000e+00
0.000000000000000000e+00
0.000000000000000000e+00
0.000000000000000000e+00
1.176470588235294101e-02
1.960784313725490169e-01
4.274509803921568429e-01
6.627450980392156632e-01
8.627450980392157298e-01
9.843137254901960231e-01
9.843137254901960231e-01
8.627450980392157298e-01
6.627450980392156632e-01
4.274509803921568429e-01
1.960784313725490169e-01
1.176470588235294101e-02
0.000000000000000000e+00
0.000000000000000000e+00
0.000000000000000000e+00
0.000000000000000000e+00
0.000000000000000000e+00
0.000000000000000000e+00
0.000000000000000000e+00
0.000000000000000000e+00
0.000000000000000000e+00
0.000000000000000000e+00
0.000000000000000000e+00
0.000000000000000000e+00
0.000000000000000000e+00
0.000000000000000000e+00
0.000000000000000000e+00
0.000000000000000000e+00
1.176470588235294101e-02
1.960784313725490169e-01
4.274509803921568429e-01
6.627450980392156632e-01
8.627450980392157298e-01
9.843137254901960231e-01
9.843137254901960231e-01
8.627450980392157298e-01
6.627450980392156632e-01
4.274509803921568429e-01
1.960784313725490169e-01
1.176470588235294101e-02
0.000000000000000000e+00
0.000000000000000000e+00
0.000000000000000000e+00
0.000000000000000000e+00
0.000000000000000000e+00
0.000000000000000000e+00
0.000000000000000000e+00
0.000000000000000000e+00
0.000000000000000000e+00
0.000000000000000000e+00
0.000000000000000000e+00
0.000000000000000000e+00
0.000000000000000000e+00
0.000000000000000000e+00
0.000000000000000000e+00
0.000000000000000000e+00
1.176470588235294101e-02
1.960784313725490169e-01
4.274509803921568429e-01
6.627450980392156632e-01
8.627450980392157298e-01
9.843137254901960231e-01
9.843137254901960231e-01
8.627450980392157298e-01
6.627450980392156632e-01
4.274509803921568429e-01
1.960784313725490169e-01
1.176470588235294101e-02
0.000000000000000000e+00
0.000000000000000000e+00
0.000000000000000000e+00
0.000000000000000000e+00
0.000000000000000000e+00
0.000000000000000000e+00
0.000000000000000000e+00
0.000000000000000000e+00
0.000000000000000000e+00
0.000000000000000000e+00
0.000000000000000000e+00
0.000000000000000000e+00
0.000000000000000000e+00
0.000000000000000000e+00
0.000000000000000000e+00
0.000000000000000000e+00
1.176470588235294101e-02
1.960784313725490169e-01
4.274509803921568429e-01
6.627450980392156632e-01
8.627450980392157298e-01
9.843137254901960231e-01
9.843137254901960231e-01
8.627450980392157298e-01
6.627450980392156632e-01
4.274509803921568429e-01
1.960784313725490169e-01
1.176470588235294101e-02
0.000000000000000000e+00
0.000000000000000000e+00
0.000000000000000000e+00
0.000000000000000000e+00
0.000000000000000000e+00
0.000000000000000000e+00
0.000000000000000000e+00
0.000000000000000000e+00
0.000000000000000000e+00
0.000000000000000000e+00
0.000000000000000000e+00
0.000000000000000000e+00
0.000000000000000000e+00
0.000000000000000000e+00
0.000000000000000000e+00
0.000000000000000000e+00
1.176470588235294101e-02
1.960784313725490169e-01
4.274509803921568429e-01
6.627450980392156632e-01
8.627450980392157298e-01
9.843137254901960231e-01
9.843137254901960231e-01
8.627450980392157298e-01
6.627450980392156632e-01
4.274509803921568429e-01
1.960784313725490169e-01
1.176470588235294101e-02
0.000000000000000000e+00
0.000000000000000000e+00
0.000000000000000000e+00
0.000000000000000000e+00
0.000000000000000000e+00
0.000000000000000000e+00
0.000000000000000000e+00
0.000000000000000000e+00
0.000000000000000000e+00
0.000000000000000000e+00
0.000000000000000000e+00
0.000000000000000000e+00
0.000000000000000000e+00
0.000000000000000000e+00
0.000000000000000000e+00
0.000000000000000000e+00
3.921568627450980338e-03
1.882352941176470562e-01
4.196078431372549100e-01
6.588235294117646967e-01
8.627450980392157298e-01
9.843137254901960231e-01
9.843137254901960231e-01
8.627450980392157298e-01
6.588235294117646967e-01
4.196078431372549100e-01
1.882352941176470562e-01
3.921568627450980338e-03
0.000000000000000000e+00
0.000000000000000000e+00
0.000000000000000000e+00
0.000000000000000000e+00
0.000000000000000000e+00
0.000000000000000000e+00
0.000000000000000000e+00
0.000000000000000000e+00
0.000000000000000000e+00
0.000000000000000000e+00
0.000000000000000000e+00
0.000000000000000000e+00
0.000000000000000000e+00
0.000000000000000000e+00
0.000000000000000000e+00
0.000000000000000000e+00
0.000000000000000000e+00
1.411764705882352922e-01
3.882352941176470673e-01
6.392156862745097534e-01
8.549019607843136859e-01
9.803921568627450567e-01
9.803921568627450567e-01
8.549019607843136859e-01
6.392156862745097534e-01
3.882352941176470673e-01
1.411764705882352922e-01
0.000000000000000000e+00
0.000000000000000000e+00
0.000000000000000000e+00
0.000000000000000000e+00
0.000000000000000000e+00
0.000000000000000000e+00
0.000000000000000000e+00
0.000000000000000000e+00
0.000000000000000000e+00
0.000000000000000000e+00
0.000000000000000000e+00
0.000000000000000000e+00
0.000000000000000000e+00
0.000000000000000000e+00
0.000000000000000000e+00
0.000000000000000000e+00
0.000000000000000000e+00
0.000000000000000000e+00
1.058823529411764691e-01
3.647058823529411575e-01
6.274509803921568540e-01
8.470588235294117530e-01
9.803921568627450567e-01
9.803921568627450567e-01
8.470588235294117530e-01
6.274509803921568540e-01
3.647058823529411575e-01
1.058823529411764691e-01
0.000000000000000000e+00
0.000000000000000000e+00
0.000000000000000000e+00
0.000000000000000000e+00
0.000000000000000000e+00
0.000000000000000000e+00
0.000000000000000000e+00
0.000000000000000000e+00
0.000000000000000000e+00
0.000000000000000000e+00
0.000000000000000000e+00
0.000000000000000000e+00
0.000000000000000000e+00
0.000000000000000000e+00
0.000000000000000000e+00
0.000000000000000000e+00
0.000000000000000000e+00
0.000000000000000000e+00
1.372549019607843257e-01
3.843137254901961009e-01
6.392156862745097534e-01
8.549019607843136859e-01
9.803921568627450567e-01
9.803921568627450567e-01
8.549019607843136859e-01
6.392156862745097534e-01
3.843137254901961009e-01
1.372549019607843257e-01
0.000000000000000000e+00
0.000000000000000000e+00
0.000000000000000000e+00
0.000000000000000000e+00
0.000000000000000000e+00
0.000000000000000000e+00
0.000000000000000000e+00
0.000000000000000000e+00
0.000000000000000000e+00
1.058823529411764691e-01
1.058823529411764691e-01
1.058823529411764691e-01
9.411764705882352811e-02
6.274509803921568540e-02
2.352941176470588203e-02
3.921568627450980338e-03
2.745098039215686236e-02
1.176470588235294101e-01
2.784313725490196179e-01
4.862745098039215619e-01
6.980392156862744724e-01
8.784313725490195957e-01
9.843137254901960231e-01
9.843137254901960231e-01
8.784313725490195957e-01
6.980392156862744724e-01
4.862745098039215619e-01
2.784313725490196179e-01
1.176470588235294101e-01
2.745098039215686236e-02
3.921568627450980338e-03
2.352941176470588203e-02
6.274509803921568540e-02
9.411764705882352811e-02
1.058823529411764691e-01
1.058823529411764691e-01
1.058823529411764691e-01
3.607843137254901911e-01
3.607843137254901911e-01
3.607843137254901911e-01
3.529411764705882582e-01
3.294117647058823484e-01
3.019607843137254721e-01
2.901960784313725727e-01
3.058823529411764941e-01
3.686274509803921795e-01
4.862745098039215619e-01
6.313725490196078205e-01
7.843137254901960675e-01
9.137254901960784048e-01
9.882352941176471006e-01
9.882352941176471006e-01
9.137254901960784048e-01
7.843137254901960675e-01
6.313725490196078205e-01
4.862745098039215619e-01
3.686274509803921795e-01
3.058823529411764941e-01
2.901960784313725727e-01
3.019607843137254721e-01
3.294117647058823484e-01
3.529411764705882582e-01
3.607843137254901911e-01
3.607843137254901911e-01
3.607843137254901911e-01
6.392156862745097534e-01
6.392156862745097534e-01
6.392156862745097534e-01
6.352941176470587870e-01
6.235294117647058876e-01
6.078431372549019107e-01
5.999999999999999778e-01
6.078431372549019107e-01
6.431372549019608309e-01
7.098039215686274828e-01
7.921568627450980005e-01
8.784313725490195957e-01
9.490196078431372140e-01
9.921568627450980671e-01
9.921568627450980671e-01
9.490196078431372140e-01
8.784313725490195957e-01
7.921568627450980005e-01
7.098039215686274828e-01
6.431372549019608309e-01
6.078431372549019107e-01
5.999999999999999778e-01
6.078431372549019107e-01
6.235294117647058876e-01
6.352941176470587870e-01
6.392156862745097534e-01
6.392156862745097534e-01
6.392156862745097534e-01
8.941176470588235725e-01
8.941176470588235725e-01
8.941176470588235725e-01
8.941176470588235725e-01
8.901960784313724950e-01
8.862745098039215286e-01
8.823529411764705621e-01
8.862745098039215286e-01
8.980392156862745390e-01
9.176470588235293713e-01
9.411764705882352811e-01
9.647058823529411908e-01
9.843137254901960231e-01
1.000000000000000000e+00
1.000000000000000000e+00
9.843137254901960231e-01
9.647058823529411908e-01
9.411764705882352811e-01
9.176470588235293713e-01
8.980392156862745390e-01
8.862745098039215286e-01
8.823529411764705621e-01
8.862745098039215286e-01
8.901960784313724950e-01
8.941176470588235725e-01
8.941176470588235725e-01
8.941176470588235725e-01
8.941176470588235725e-01
1.000000000000000000e+00
1.000000000000000000e+00
1.000000000000000000e+00
1.000000000000000000e+00
1.000000000000000000e+00
1.000000000000000000e+00
1.000000000000000000e+00
1.000000000000000000e+00
1.000000000000000000e+00
1.000000000000000000e+00
1.000000000000000000e+00
1.000000000000000000e+00
1.000000000000000000e+00
1.000000000000000000e+00
1.000000000000000000e+00
1.000000000000000000e+00
1.000000000000000000e+00
1.000000000000000000e+00
1.000000000000000000e+00
1.000000000000000000e+00
1.000000000000000000e+00
1.000000000000000000e+00
1.000000000000000000e+00
1.000000000000000000e+00
1.000000000000000000e+00
1.000000000000000000e+00
1.000000000000000000e+00
1.000000000000000000e+00
1.000000000000000000e+00
1.000000000000000000e+00
1.000000000000000000e+00
1.000000000000000000e+00
1.000000000000000000e+00
1.000000000000000000e+00
1.000000000000000000e+00
1.000000000000000000e+00
1.000000000000000000e+00
1.000000000000000000e+00
1.000000000000000000e+00
1.000000000000000000e+00
1.000000000000000000e+00
1.000000000000000000e+00
1.000000000000000000e+00
1.000000000000000000e+00
1.000000000000000000e+00
1.000000000000000000e+00
1.000000000000000000e+00
1.000000000000000000e+00
1.000000000000000000e+00
1.000000000000000000e+00
1.000000000000000000e+00
1.000000000000000000e+00
1.000000000000000000e+00
1.000000000000000000e+00
1.000000000000000000e+00
1.000000000000000000e+00
